11000 11000 11000 10010 10010 10010 10101 10101 11001 11001 11001 11001 01011 10110 00110 10011 10111 11011 10111 00111 00010 00010 00010 00010 00010 00010 01000 00111 10111 11011 11011 10111 10111 11011 11011 10111 00111 00010 01000 01000 11110 00110 01011 01011 01011 10001 10101 01011 10011 00010 10100 01011 00110 01011 10110 11110 10100 10101 11001 11001 
11000 11000 11000 11000 11000 10010 10010 10101 11001 11001 10001 01011 10110 00110 00110 10011 10111 10111 10111 00111 00111 00111 00111 00111 00111 01000 10011 00111 10111 11011 10111 10111 10111 10111 10111 10111 00111 00111 00010 01000 11110 00110 00110 00110 00110 10100 10001 10110 10011 00111 01000 11110 00110 00110 00110 10011 00101 01011 01011 01011 
11000 11000 11000 11000 11000 11000 10010 10101 11001 11001 01011 10110 11110 11110 10011 10011 00111 01110 01110 01110 00111 00111 00111 00111 00111 00010 01101 01100 10000 10111 10111 00111 00111 00111 00111 00111 00111 00111 00111 00010 01000 10011 00010 00101 00010 00101 00110 11110 00111 00111 00010 00010 01000 00110 11110 00010 00010 10100 01011 01011 
11000 11000 11000 11000 11000 10010 10010 10101 11001 10001 01011 10110 11110 01000 00010 00111 01110 01000 11110 01000 10011 00111 00111 00111 00111 01010 10001 10001 11111 10111 00111 00111 00111 00111 00111 00111 00111 00111 00111 00010 00010 00111 00111 00111 00111 00010 00111 00111 10111 10111 00111 00111 01000 10110 11110 00010 01000 00110 10100 01011 
11000 11000 11000 11000 11000 10010 10101 11001 10001 10001 10001 10001 10110 11110 10011 00010 01000 00110 00110 11110 01000 01110 01110 00010 00010 10100 00110 10100 01011 01110 00010 00010 00111 00111 00111 00010 00111 00111 00111 00111 00111 00111 00111 00111 00111 10111 11011 11011 11011 10111 10111 00010 01000 11110 00110 01101 00110 11110 10100 10001 
11000 11000 11000 11000 10010 10101 10101 10001 01011 01011 01011 01011 10110 00110 11110 11110 00110 10110 10110 00110 11110 01000 01000 11110 01000 00110 11110 00010 10100 01000 01000 10011 00111 00111 01110 01100 11001 10011 00111 00111 00111 01110 00010 00010 00111 11011 00011 00011 11011 11011 10111 00010 00010 01000 01000 00110 00110 00110 01101 10101 
11000 11000 11000 11000 10010 10010 10101 10001 01011 01011 01011 10110 10110 00110 00110 00110 00110 10110 01011 10110 00110 00110 00110 00110 01000 00101 00010 01110 10100 00110 00110 11110 10011 01110 01100 01011 11001 11111 00010 00010 00010 01000 01000 01000 10011 10111 00011 00011 11011 10111 01110 10011 00111 00010 01000 01000 01000 10100 01100 10101 
11000 11000 10010 10010 10010 10010 10101 10101 11001 10001 01011 01011 01011 10110 10110 10110 01011 10001 10001 01011 10110 10110 00110 10011 00111 01000 01000 00100 10100 10110 10110 00110 01101 01011 11110 00101 10100 11110 01000 01000 01000 11110 11110 01000 10011 00111 11011 00011 10111 01010 01000 10011 10111 01010 11110 01000 01000 10100 10001 10101 
11000 11000 10010 10010 10010 10010 10101 10101 10101 10101 10101 11001 11001 10001 10001 10001 10001 11001 11001 10001 01011 10110 00110 01000 01000 11110 11110 00111 00111 00101 00101 00110 01011 10011 00010 00010 00110 01000 11110 11110 11110 00110 00110 11110 01000 10011 11011 00011 10111 00010 01000 00110 01110 01000 11110 00110 00110 10110 01011 10101 
11000 11000 10010 10010 10010 10010 10010 10010 10010 10010 10010 10010 11001 10001 01011 01011 10001 01011 01011 01011 10110 00110 00110 10110 10110 01000 00111 10111 01110 00000 00111 00010 00101 11111 00111 00010 00101 01000 11110 11110 00110 00110 00110 11110 01000 10000 11011 11011 10111 00010 01000 00110 11110 11110 00110 10110 10110 01011 01100 10101 
11000 11000 11000 11000 11000 11000 10010 10010 11000 11000 10010 10101 11001 10001 01011 10110 01011 10110 10110 10110 00110 00110 00110 00100 11111 00111 10111 00011 01010 11010 00111 10111 01000 11110 01110 10111 10011 11110 01000 11110 00110 10110 11110 10011 00111 00111 10111 10111 01110 01000 11110 00110 11110 01000 11110 10100 01011 10001 10101 10010 
11000 11000 11000 11000 11000 11000 11000 11000 11000 11000 10010 10101 11001 10001 01011 10110 10110 10110 10110 10110 00110 00110 10011 10111 01010 01101 10000 00011 10111 00011 00011 10111 00010 00101 00111 10111 01010 01000 01000 00110 10110 01011 11111 10011 00111 00111 00111 00010 00110 10110 00110 00110 00110 01000 00110 00110 10001 10101 11000 11000 
11000 11000 11000 11000 11000 11000 10010 10010 10010 10010 10010 10010 10101 11001 10001 01011 10110 10110 10110 10110 10110 11111 10111 11011 11101 01011 11111 11011 11011 00011 11011 11011 00010 01101 10011 00111 01000 00010 01000 00110 10110 10110 00110 10011 00111 00010 00010 00010 11110 00110 00110 11110 11110 01000 01100 01100 10101 11000 11000 11000 
11000 11000 11000 11000 11000 10010 10101 10101 10101 10101 10010 10010 10101 10101 10101 11001 10001 10001 10001 10001 01011 11111 10000 11011 11101 00111 00111 11011 11010 01110 01101 10000 01010 01100 10110 11110 10011 00010 00010 10100 10110 00110 00110 11110 01000 01000 10011 00111 00010 00101 00101 10011 00111 00101 10001 10101 10010 11000 11000 11000 
11000 11000 11000 11000 10010 10010 10101 10101 10101 10101 10010 10101 10101 10101 10101 10101 11001 11001 11001 10001 10001 10000 10111 11011 00011 11011 00001 11100 11010 00101 00100 10011 00111 00101 01011 01010 10011 00111 00010 00110 00110 11110 11110 00110 10110 00110 11110 00111 00111 00111 00111 10111 10111 10111 10100 10101 10101 10010 11000 11000 
11000 11000 11000 11000 10010 10010 10101 10101 10101 10101 10101 10101 10101 10101 10101 10101 10101 11001 10001 10001 10001 00000 10111 11011 00001 11100 11100 11100 11010 11011 11011 11011 00011 11011 00101 01000 10011 00111 00111 00110 10110 00110 00110 10110 01100 01100 10110 10011 00111 00111 00111 10111 11011 11011 10100 10001 11001 10010 11000 11000 
11000 11000 11000 11000 11000 10010 10010 10010 10010 10010 10101 10101 11001 10101 10101 11001 11001 10001 01011 01011 10001 00000 11011 00011 01111 01001 01001 11100 01111 00001 00001 00001 00011 11011 00111 01010 10011 00111 01000 10100 01011 10110 10110 01011 11001 10101 10101 10110 01101 11110 00111 10111 10111 10111 10100 01011 10101 11000 11000 11000 
11000 11000 11000 11000 11000 11000 11000 11000 11000 10010 10010 10101 10001 10101 10101 10101 11001 10001 01011 01011 10001 00000 00001 00011 11101 01100 01101 00000 01111 11010 00000 00011 11011 01010 00000 01111 00010 00010 01000 10110 01011 10110 00110 00110 01011 10001 11001 11001 01100 00110 00010 01110 01110 01110 10100 10001 10010 11000 11000 11000 
11000 11000 11000 11000 11000 11000 11000 11000 11000 10010 10010 10010 11001 10101 10101 10101 10101 11001 01011 01011 10001 00000 00001 00001 11101 10100 00100 00011 11010 00000 00011 00011 11011 01010 00000 11100 11101 00110 00110 10110 10110 11110 00010 01000 11110 00101 00101 00100 00100 11110 00010 01000 00110 10110 01100 10010 11000 11000 11000 11000 
11000 11000 11000 11000 11000 11000 11000 11000 10010 10101 10010 10101 10101 10010 10010 10101 10101 10101 11001 10001 11111 00001 00001 00001 11101 01000 10011 01110 00111 00011 00011 00011 11011 10111 00000 11100 11101 10110 00110 00110 11111 00111 00111 00010 00010 10111 00111 10111 00111 00010 01000 11110 11110 10100 10101 11000 11000 11000 11000 11000 
11000 11000 11000 11000 11000 11000 11000 11000 10101 11001 11001 11001 11001 10101 10101 10101 10101 10101 11001 10001 11111 00011 00001 00011 00111 00111 00111 00011 00001 00001 00001 00001 00011 11010 10000 00001 11010 00110 00110 11110 10111 00011 11011 10111 10111 11011 10111 11011 11011 01010 00010 01000 10011 01000 10101 11000 11000 11000 11000 11000 
11000 11000 11000 11000 11000 11000 11000 11000 10101 11001 11001 10001 10001 10001 11001 11001 11001 11001 11001 10001 11111 00011 00011 00011 10111 00111 10111 00001 00001 00001 00001 00001 11100 11010 11011 11100 11010 11110 00010 00111 00011 00011 00011 11011 10111 10111 10111 00011 11011 01010 00010 00010 10111 01000 10101 11000 11000 11000 11000 11000 
11000 11000 11000 11000 11000 11000 11000 10010 10101 11001 11001 10001 10001 10001 10001 10001 10001 10001 10001 10001 11111 00011 00011 00011 11011 11011 00011 00001 00001 00001 00001 00001 11100 11100 11100 11100 01111 00111 10111 10111 11011 00011 11011 10111 01110 01110 10011 10111 01110 01000 10011 00111 00111 01000 01011 10101 10101 11000 11000 11000 
11000 11000 11000 11000 11000 10010 10010 10101 10101 11001 11001 11001 10001 10001 11001 11001 11001 10001 10001 11001 11111 00011 11101 10000 00011 00011 00001 00001 00001 00001 00001 00001 11100 11100 11100 11100 01111 10111 10111 10111 01110 01110 01110 01000 01101 00110 10011 00010 01101 10110 11110 10011 01110 01000 10100 10001 10101 11000 11000 11000 
11000 11000 11000 11000 11000 10010 10010 10101 10101 10101 10101 10101 11001 11001 10101 10101 10101 11001 10001 00100 10011 00011 00011 11101 11011 00011 00001 00001 00001 00001 00001 00001 00011 00001 11100 11100 11010 01110 01110 01110 01000 01000 00110 10110 01011 11110 00111 00010 01011 10001 10110 10110 01101 01101 01100 10101 10101 11000 11000 11000 
11000 11000 11000 11000 11000 11000 11000 10010 10010 10010 10101 10010 10101 10101 10101 10010 10010 11001 00100 10000 01010 00000 00011 00011 11011 11011 00011 00011 00011 00011 00011 01110 11011 00001 11100 11100 11101 01101 01101 10110 10110 00110 10110 10110 00110 10011 00111 01000 01100 10101 10101 10101 10010 10010 11000 11000 11000 11000 11000 11000 
11000 11000 11000 11000 11000 11000 11000 11000 10010 10010 10010 10010 10010 10101 10101 10010 10010 10001 10011 10111 01010 10000 00011 00011 00011 00011 11101 01101 01101 01101 00110 10000 00001 00001 11100 11100 01010 00110 01011 11001 10001 10110 10110 00110 11110 01000 01000 01100 10010 10101 10010 10010 10010 11000 11000 11000 11000 11000 11000 11000 
11000 11000 11000 11000 11000 11000 11000 11000 10010 10101 10010 10010 10010 10101 11001 11001 11001 01011 11110 10111 11101 11110 10111 00011 00011 00011 00011 00101 10110 10110 00110 10000 00011 00001 00001 01111 10100 10110 10001 10101 11001 01011 01011 00110 11110 01000 01100 10010 10101 11001 11001 01011 10001 10101 11000 11000 11000 11000 11000 11000 
11000 11000 11000 11000 11000 10010 10010 10010 10101 10101 10010 10010 11000 10010 11001 11001 10001 01011 00110 10000 01010 00010 10011 11011 00011 00011 00011 01010 00100 00111 00101 10000 00011 00001 11100 01111 01100 10001 10101 10101 11001 01011 10110 00110 11110 00110 11001 10010 11001 10101 10001 10110 10110 10101 11000 11000 11000 11000 11000 11000 
11000 11000 11000 10010 10101 11001 11001 10001 10001 01011 10001 11001 10101 10101 11001 00100 00100 00100 00101 00101 01000 00111 10011 10111 10111 11011 00011 11101 10000 10111 00111 10000 00011 00011 11100 11010 00100 00100 00100 00100 00100 10110 11110 11110 00010 00101 01011 11001 11001 10010 10001 01100 01100 10010 11000 11000 11000 11000 11000 11000 
11000 11000 10010 10010 10101 11001 11001 10001 01100 10110 10110 10110 10110 10110 00110 11110 10011 00111 10111 10111 10100 00111 00010 00111 00111 10111 11011 11101 01101 01110 01101 10000 11011 00011 11100 11100 11100 11100 11100 00001 00001 00001 00001 00001 00001 00011 11011 11011 10111 10111 00111 00101 00101 00101 00100 00100 00100 00100 00100 00100 
11000 11000 10010 10010 10010 10010 10101 11001 11001 10001 10001 01011 01011 10110 10110 10110 10110 00110 01101 01101 01011 10011 00010 00111 00111 00010 00111 10111 10100 11001 11111 00111 10111 00001 11100 01001 01001 01001 01001 01001 01001 01001 01001 01001 01001 01001 01001 01110 01110 01110 01101 01101 01101 01101 01100 01100 01100 01100 01100 10101 
11000 11000 11000 10010 10010 10010 10101 10101 11001 10001 10001 10001 01011 01011 01011 10110 10110 01011 01100 10001 10001 10011 01000 10000 00111 00010 01000 01110 10100 00100 10011 00111 10111 00001 01111 01000 01000 01000 01000 01000 11110 11110 00110 00110 00110 00110 00110 10110 10110 01011 01011 10001 11001 11001 10101 10010 10010 11000 11000 11000 00000
99.833336 115.833336 133.08333 158.66667 180.33333 
89.25 93.5 127.75 172.66667 192.66667 
71.25 84.0 140.58333 184.08333 194.0 
62.833332 97.666664 154.25 189.0 196.91667 
67.916664 112.916664 160.0 187.58333 195.33333 
00001
192.64815 195.74074 200.61111 203.51852 203.90741 
199.87038 202.59259 205.38889 209.22223 211.5 
203.94444 206.92592 209.75926 213.11111 215.7037 
205.16667 208.14815 211.25926 214.22223 215.62962 
205.92592 209.05556 210.16667 212.27777 213.85185 
00010
88.67105 87.23684 84.64474 82.48684 81.57895 
89.13158 87.32895 85.17105 83.26316 81.77631 
89.85526 88.77631 86.31579 84.289474 82.89474 
91.25 89.86842 87.302635 85.43421 83.947365 
92.42105 91.0 89.26316 86.97369 85.17105 
00011
172.70833 177.55556 179.95833 180.86111 179.41667 
174.25 178.58333 180.72223 181.80556 181.48611 
174.15277 179.38889 181.83333 182.01389 180.86111 
174.31944 178.04167 180.875 180.23611 178.70833 
169.08333 172.69444 175.06944 175.18056 175.56944 
00100
19.458334 19.083334 19.083334 21.083334 23.625 
26.0 25.166666 24.875 27.333334 29.833334 
35.833332 36.291668 37.708332 39.583332 43.916668 
49.166668 51.0 52.875 56.5 61.125 
70.833336 73.625 77.208336 80.625 82.5 
00101
59.615383 52.692307 50.576923 46.73077 46.923077 
72.46154 63.923077 57.26923 52.423077 52.73077 
84.15385 79.38461 69.80769 64.03846 62.615383 
97.96154 95.0 85.73077 77.53846 75.80769 
105.26923 101.69231 92.76923 86.80769 84.61539 
00110
53.636364 53.609093 53.463634 53.4 53.881817 
53.336365 53.19091 53.263638 53.327274 53.7 
52.954544 52.70909 52.463634 52.80909 53.445454 
53.563637 53.363636 52.845455 53.118183 53.918182 
53.70909 53.372726 53.345455 53.545456 54.3 
00111
100.097015 100.19403 100.70149 101.268654 101.17164 
100.92538 102.10448 102.708954 102.962685 104.01492 
101.82836 103.35821 104.54478 105.67164 105.72388 
103.56716 105.283585 106.86567 107.970146 107.69403 
104.16418 106.402985 108.35821 109.32836 108.33582 
01000
80.595505 79.61798 76.66292 72.48315 69.5618 
79.1236 77.69663 74.26966 69.97753 68.1236 
77.39326 75.20225 71.61798 68.1236 66.25843 
74.955055 72.83146 69.53933 66.1236 64.505615 
73.146065 71.20225 67.83146 64.69663 63.50562 
01001
219.42857 218.21428 217.42857 216.0 213.07143 
191.14285 186.78572 184.64285 184.42857 183.07143 
145.5 139.07143 138.85715 139.78572 140.14285 
101.0 97.0 98.28571 99.42857 100.85714 
75.28571 74.85714 74.78571 75.85714 77.78571 
01010
120.833336 109.77778 92.72222 80.666664 73.77778 
128.11111 111.05556 92.94444 80.5 69.166664 
129.38889 113.611115 93.22222 75.55556 64.94444 
131.33333 117.833336 94.833336 70.94444 61.555557 
132.72223 120.55556 97.72222 72.94444 63.5 
01011
32.32927 31.40244 31.0 31.560976 33.365852 
32.30488 31.707317 31.09756 31.743902 33.5 
32.890244 32.32927 32.012196 32.280487 33.743904 
33.914635 33.146343 33.158535 33.012196 34.42683 
35.439026 34.487804 34.256096 34.378048 35.07317 
01100
53.407406 47.962963 41.88889 37.851852 35.77778 
44.148148 36.74074 31.851852 29.814816 27.814816 
32.407406 27.37037 24.333334 22.814816 21.37037 
23.666666 21.185184 18.37037 18.518518 17.185184 
22.11111 19.74074 17.11111 16.25926 14.296296 
01101
85.92308 87.26923 83.76923 79.11539 76.76923 
64.5 64.76923 60.307693 57.846153 53.884617 
50.884617 48.23077 46.5 46.03846 43.26923 
43.26923 39.692307 38.307693 38.346153 39.807693 
41.346153 37.192307 35.115383 34.923077 35.192307 
01110
118.45946 117.97298 115.432434 112.45946 108.945946 
109.75676 107.432434 104.45946 100.702705 97.08108 
96.21622 94.054054 90.35135 86.13513 83.48649 
83.37838 81.297295 77.4054 74.24324 73.27027 
75.27027 73.054054 69.83784 67.51351 68.48649 
01111
242.66667 248.33333 239.0 205.33333 164.77777 
245.22223 250.88889 243.55556 211.11111 166.66667 
248.55556 250.77777 244.11111 214.11111 163.55556 
249.0 249.11111 245.77777 214.44444 158.11111 
246.88889 246.77777 242.22223 208.33333 149.33333 
10000
70.166664 87.77778 115.5 137.83333 142.77777 
55.944443 80.111115 113.44444 134.22223 143.05556 
54.833332 73.44444 106.22222 134.27777 146.0 
57.0 70.77778 98.05556 126.111115 142.83333 
58.055557 71.72222 94.94444 122.611115 136.33333 
10001
24.522223 24.211111 24.466667 24.966667 25.822222 
24.477777 23.98889 24.2 24.5 25.811111 
24.777779 24.577778 24.411112 24.544445 25.6 
24.866667 24.833334 24.466667 24.333334 25.455555 
24.966667 24.866667 24.644444 24.577778 25.755556 
10010
6.3474574 6.1355934 6.237288 6.3898306 6.59322 
5.601695 5.59322 5.779661 5.983051 6.40678 
5.4745765 5.4576273 5.737288 5.90678 6.237288 
5.144068 5.1949153 5.381356 5.59322 6.0508475 
5.40678 5.5 5.618644 5.8305087 6.3305087 
10011
68.06 72.74 79.62 89.52 97.84 
68.28 73.2 81.08 90.82 98.94 
67.12 73.84 81.82 90.5 97.3 
69.16 76.66 84.12 91.22 97.18 
70.98 78.04 84.78 91.22 96.34 
10100
63.035713 50.285713 39.25 31.142857 29.75 
68.10714 53.642857 41.67857 32.285713 30.821428 
70.96429 57.285713 44.285713 34.142857 31.5 
69.85714 58.42857 46.857143 37.0 34.357143 
70.60714 60.785713 50.5 40.82143 39.285713 
10101
12.242647 11.801471 11.470589 11.367647 11.617647 
12.014706 11.544118 11.139706 10.875 11.1470585 
11.867647 11.242647 10.860294 10.617647 10.933824 
11.639706 11.036765 10.713235 10.691176 10.911765 
11.6470585 11.051471 10.713235 10.698529 10.9779415 
10110
43.817204 44.365593 44.827957 45.053764 45.946236 
42.7957 43.19355 43.548386 44.225807 45.322582 
41.0 41.473118 42.258064 43.612904 44.60215 
39.55914 40.11828 41.021507 42.23656 43.55914 
38.27957 38.935482 39.677418 40.870968 42.301075 
10111
123.17647 125.858826 127.49412 127.435295 127.8353 
126.08235 127.95294 129.64706 130.24706 130.75294 
128.04706 129.68236 130.61177 130.6353 131.04706 
128.04706 129.49411 129.78824 129.58824 129.23529 
126.31765 127.141174 127.223526 127.48235 126.37647 
11000
1.0193799 1.0542636 1.0542636 1.1046512 1.1744186 
0.8449612 0.89534885 0.85271317 0.9186047 1.0348837 
0.875969 0.90697676 0.9031008 0.96511626 1.0658915 
0.8372093 0.8643411 0.8372093 0.94186044 1.0310078 
0.9147287 0.9186047 0.93410856 1.0271318 1.1240311 
11001
16.922222 17.3 17.61111 18.211111 19.0 
16.622223 16.788889 17.044445 17.822222 18.722221 
17.255556 17.266666 17.444445 17.966667 18.788889 
17.51111 17.666666 18.01111 18.411112 18.933332 
18.544445 18.555555 19.022223 19.4 19.8 
11010
213.33333 215.25 194.25 159.33333 125.333336 
222.33333 218.33333 191.58333 160.41667 124.333336 
229.41667 223.0 196.91667 163.0 122.833336 
233.83333 227.41667 198.75 156.83333 110.416664 
239.08333 227.25 190.16667 139.58333 115.75 
11011
148.05084 148.01695 148.57628 148.37288 146.9661 
151.38983 152.25424 153.38983 151.52542 150.45763 
153.1695 155.22034 156.27118 155.15254 154.67796 
155.55933 157.32204 158.71187 157.76271 158.18645 
155.71187 158.79662 162.01695 160.01695 158.72882 
11100
223.58064 228.41936 233.03226 236.06451 237.7742 
231.54839 236.03226 239.35484 242.09677 243.7742 
236.16129 239.70967 243.25807 246.03226 246.93549 
234.64516 239.3871 243.09677 245.19354 244.16129 
232.80646 237.93549 242.29033 243.6129 241.29033 
11101
165.28572 144.5 119.5 91.42857 66.0 
177.71428 148.57143 119.07143 91.28571 63.0 
186.0 161.07143 130.0 95.71429 64.78571 
185.42857 168.71428 136.14285 106.0 70.42857 
182.21428 169.71428 139.78572 113.28571 88.07143 
11110
58.79452 60.47945 63.972603 66.178085 67.72603 
57.835617 60.054794 63.452053 66.136986 67.45206 
58.69863 61.232876 64.19178 65.91781 67.45206 
59.424656 61.780823 64.369865 65.83562 67.45206 
61.19178 63.61644 65.369865 66.89041 68.753426 
11111
26.333334 31.266666 43.8 62.6 94.86667 
29.933332 32.4 42.533333 64.0 96.26667 
30.466667 34.533333 46.933334 67.46667 96.86667 
29.8 35.933334 48.133335 69.933334 99.26667 
29.866667 36.333332 51.333332 73.13333 101.13333